      0/29        0G    0.0912   0.03868         0    0.1299        14       640  0.004296    0.3177  0.002397 0.0003538   0.07917   0.02638         0
      1/29        0G   0.08463   0.03836         0     0.123        15       640   0.01975   0.02017  0.005149  0.001311    0.0799   0.02462         0
      2/29        0G    0.0848    0.0382         0     0.123        13       640   0.01384   0.05802  0.005558  0.001105   0.07855   0.02456         0
      3/29        0G    0.0849   0.03992         0    0.1248        14       640   0.02118   0.02296  0.005632  0.000904   0.08472   0.02283         0
      4/29        0G   0.08357   0.03786         0    0.1214        10       640   0.05266   0.08936   0.01627  0.002693   0.08012   0.02359         0
      5/29        0G   0.08013   0.03868         0    0.1188        13       640   0.07004    0.2215   0.03704  0.006284   0.07196   0.02545         0
      6/29        0G   0.07569   0.03941         0    0.1151         9       640   0.08025    0.2625   0.05979   0.01216   0.06578   0.02744         0
      7/29        0G   0.06996   0.03894         0    0.1089        17       640    0.2001     0.198    0.1036   0.02274   0.06443   0.02834         0
      8/29        0G   0.06635   0.03906         0    0.1054        13       640    0.2869    0.2913    0.2067    0.0525   0.05972   0.02509         0
      9/29        0G   0.06268   0.03846         0    0.1011        16       640    0.3509     0.314      0.26   0.07084   0.05618   0.02409         0
     10/29        0G   0.06191    0.0391         0     0.101        22       640    0.2291    0.3874    0.1843   0.04449   0.06354   0.02282         0
     11/29        0G   0.05975   0.03727         0   0.09703        20       640    0.4277      0.35    0.3244    0.1002   0.05337   0.02248         0
     12/29        0G   0.05828   0.03751         0   0.09579        10       640    0.3254    0.3484    0.2786    0.0857   0.05396   0.02468         0
     13/29        0G   0.05603   0.03684         0   0.09287        24       640    0.5034    0.3621     0.395    0.1417   0.05058   0.02236         0
     14/29        0G   0.05318   0.03585         0   0.08903         9       640    0.4721    0.4787     0.453     0.176   0.04821   0.02163         0
     15/29        0G   0.05299   0.03578         0   0.08877        18       640    0.5321    0.4784      0.49    0.1901   0.04738   0.02075         0
     16/29        0G    0.0522   0.03516         0   0.08736        15       640    0.4774    0.4186    0.4242    0.1705   0.04648   0.02123         0
     17/29        0G    0.0505   0.03392         0   0.08442        12       640    0.5774    0.5396    0.5449    0.2202   0.04649   0.02071         0
     18/29        0G   0.04931   0.03272         0   0.08204         9       640    0.5364    0.5622    0.5394    0.2301   0.04479   0.02024         0
     19/29        0G   0.04813     0.033         0   0.08114         9       640    0.5632    0.6184    0.5857     0.257    0.0438   0.01941         0
     20/29        0G   0.04758   0.03376         0   0.08134         9       640    0.5542    0.6221    0.6089    0.2842   0.04321   0.01954         0
     21/29        0G   0.04645    0.0328         0   0.07925        10       640    0.5216    0.5762    0.5657    0.2567   0.04328   0.01985         0
     22/29        0G   0.04687   0.03315         0   0.08001        21       640    0.6269    0.6429     0.659    0.3122   0.04175   0.01877         0
     23/29        0G   0.04561   0.03257         0   0.07818         9       640    0.5763    0.6122    0.6119    0.2849    0.0417   0.01964         0
     24/29        0G   0.04521    0.0313         0   0.07651        10       640     0.677    0.6174    0.6591    0.3127    0.0424   0.01881         0
     25/29        0G   0.04436   0.03198         0   0.07634        14       640    0.6389    0.6047    0.6412    0.3058   0.04058   0.01901         0
     26/29        0G   0.04465   0.03213         0   0.07677        19       640    0.6918    0.6379    0.6855    0.3387   0.03999   0.01821         0
     27/29        0G   0.04335   0.03019         0   0.07354        17       640    0.6641    0.6773    0.6933    0.3418    0.0403   0.01808         0
     28/29        0G   0.04365   0.03087         0   0.07452        11       640    0.6776    0.6215    0.6789    0.3372   0.04004   0.01803         0
     29/29        0G   0.04344   0.03179         0   0.07522        24       640    0.6725    0.6727    0.7005    0.3554   0.03884   0.01792         0
